"File Name","Start Time ","End Time","Execution Time"
"1N7JKgBMTt.csv","1587790412","1587790423","11"
"1bxN7LKU8C.csv","1587790424","1587790442","18"
"1pD4QKBVvn.csv","1587790444","1587790467","23"
"21QObd7gXD.csv","1587790467","1587790490","23"
"22iwCVx7ux.csv","1587790491","1587790511","20"
"2KK179eYKX.csv","1587790512","1587790532","20"
"3HXV8o7F4N.csv","1587790532","1587790552","20"
"3ZEgeGjdyZ.csv","1587790552","1587790575","23"
"3lMtpfewKH.csv","1587790575","1587790598","23"
"52ofEHRNx7.csv","1587790599","1587790614","15"
"5jL5Cv1Jfg.csv","1587790614","1587790625","11"
"5zTEuZfst4.csv","1587790627","1587790639","12"
"6erLG8dKPJ.csv","1587790640","1587790651","11"
"7My0mvSoUY.csv","1587790651","1587790662","11"
"7rQjD2n19X.csv","1587790662","1587790674","12"
"8FevPzx5xW.csv","1587790674","1587790686","12"
"8WuGgKJWPi.csv","1587790686","1587790697","11"
"8XpVD8YjSS.csv","1587790697","1587790715","18"
"BGAEXgFK9y.csv","1587790715","1587790735","20"
"BVs8Y0NHBy.csv","1587790735","1587790756","21"
"BYkiENDV6Z.csv","1587790756","1587790778","22"
"Bw0vWHC7UY.csv","1587790778","1587790800","22"
"D0CRqKk9KQ.csv","1587790800","1587790821","21"
"DGoZK4p3NU.csv","1587790821","1587790835","14"
"F6PdEvv9cE.csv","1587790835","1587790847","12"
"FIW8JBKGWJ.csv","1587790847","1587790858","11"
"FKmpfuzhaq.csv","1587790858","1587790870","12"
"FeGNMOwktP.csv","1587790870","1587790881","11"
"Ghj8bbbQEM.csv","1587790881","1587790893","12"
"I6BZdI1l8O.csv","1587790893","1587790906","13"
"IXDYDjz9me.csv","1587790906","1587790918","12"
"IrXmGlyFHV.csv","1587790918","1587790930","12"
"KXX8Rg1HYO.csv","1587790930","1587790942","12"
"Kl77KZDcKS.csv","1587790942","1587790953","11"
"KpKrsuDexO.csv","1587790953","1587790965","12"
"LXZncuYkr2.csv","1587790965","1587790977","12"
"LyE79zkHtD.csv","1587790977","1587790989","12"
"MnhPpdlR5i.csv","1587790989","1587791000","11"
"OUgqDmsRO3.csv","1587791000","1587791012","12"
"QZutdLyKLh.csv","1587791012","1587791034","22"
"Qb9vbJIElL.csv","1587791034","1587791048","14"
"Qg4C1kV50I.csv","1587791048","1587791067","19"
"R6iFTSOzSV.csv","1587791067","1587791078","11"
"SIRrfadE1q.csv","1587791078","1587791088","10"
"SQhVxlw1Ys.csv","1587791088","1587791102","14"
"Sk144fydjN.csv","1587791102","1587791114","12"
"VRiuUhPIgB.csv","1587791114","1587791127","13"
"XgLx1LexYA.csv","1587791127","1587791141","14"
"YZLBTIdotA.csv","1587791141","1587791152","11"
"a6MJIhDd4q.csv","1587791152","1587791164","12"
"a82maXUERK.csv","1587791164","1587791176","12"
"aQRmh1cOjC.csv","1587791176","1587791188","12"
"az6OKsRgLM.csv","1587791188","1587791199","11"
"bDeaKlZHJv.csv","1587791199","1587791211","12"
"bI7MvvBH1V.csv","1587791211","1587791223","12"
"bYGdUpwTG4.csv","1587791223","1587791235","12"
"bwyLGgVmUQ.csv","1587791235","1587791247","12"
"cFreh9dPIj.csv","1587791247","1587791259","12"
"cejYERIBwh.csv","1587791259","1587791271","12"
"d6YKDlcg40.csv","1587791271","1587791283","12"
"dFlr2MXmBX.csv","1587791283","1587791295","12"
"dJuKWqgAPe.csv","1587791295","1587791307","12"
"e77nWmNnWP.csv","1587791307","1587791319","12"
"gJzxXjVZju.csv","1587791319","1587791332","13"
"gkc3QbCzUJ.csv","1587791332","1587791344","12"
"hEoAqr4f2T.csv","1587791344","1587791357","13"
"hrZOcfX5Zj.csv","1587791357","1587791369","12"
"iB3F7ZsHn4.csv","1587791369","1587791381","12"
"j36V2DYMhN.csv","1587791381","1587791393","12"
"jlV7OsbM2z.csv","1587791393","1587791405","12"
"jpKULTqyQd.csv","1587791405","1587791417","12"
"lSa8MvJ2cI.csv","1587791417","1587791429","12"
"lbbAHvzA7i.csv","1587791429","1587791441","12"
"lxCNSUS27v.csv","1587791441","1587791453","12"
"nOYtFr4pxx.csv","1587791453","1587791466","13"
"nWSK47DRSb.csv","1587791466","1587791478","12"
"naEXrTgS6w.csv","1587791478","1587791490","12"
"oCeCVje2f0.csv","1587791490","1587791502","12"
"oRu6Qr0HhM.csv","1587791502","1587791514","12"
"olOJAxFJz0.csv","1587791514","1587791526","12"
"ooj58VcdiZ.csv","1587791526","1587791538","12"
"ot9KYJGGDv.csv","1587791538","1587791550","12"
"qLH5atcghB.csv","1587791550","1587791562","12"
"qU1mm5lR99.csv","1587791562","1587791574","12"
"qZp4Q0pcd5.csv","1587791574","1587791586","12"
"r8SXvu1dj2.csv","1587791586","1587791598","12"
"rSggAXhr5b.csv","1587791598","1587791610","12"
"rnMToMD078.csv","1587791610","1587791622","12"
"sHvIOLzQ4u.csv","1587791622","1587791637","15"
"skqfIHQ6Hx.csv","1587791637","1587791650","13"
"spJjYDxJAq.csv","1587791650","1587791662","12"
"srXSH62obb.csv","1587791662","1587791674","12"
"tkQhIHCMv9.csv","1587791675","1587791687","12"
"uAbivWSF97.csv","1587791687","1587791700","13"
"uL9ieP5wAh.csv","1587791700","1587791712","12"
"uxvVyV8VA5.csv","1587791712","1587791725","13"
"vdmrw9amKu.csv","1587791725","1587791737","12"
"yFnvZ33eiy.csv","1587791737","1587791749","12"
"yYXs0fbPSt.csv","1587791749","1587791760","11"
"zVwCxpIl7s.csv","1587791761","1587791774","13"
