"File Name","Start Time ","End Time","Execution Time"
"07XV9zSP9k.csv","1587791976","1587791996","20"
"124gPtVRAJ.csv","1587791996","1587792015","19"
"1PxA04sQHi.csv","1587792015","1587792037","22"
"1ryTmEJqhc.csv","1587792037","1587792058","21"
"2oJ49bGD32.csv","1587792058","1587792079","21"
"2sFpGKYg76.csv","1587792080","1587792100","20"
"2wxukfVypo.csv","1587792100","1587792121","21"
"4AP5lxA5Qe.csv","1587792121","1587792141","20"
"57BVjbZkWZ.csv","1587792142","1587792162","20"
"5fK4pdYWgX.csv","1587792162","1587792183","21"
"8SOCXTD9Xl.csv","1587792183","1587792203","20"
"9HQNrpgAOA.csv","1587792203","1587792224","21"
"9hP9uEkUrZ.csv","1587792224","1587792245","21"
"9nW6AgiAj3.csv","1587792245","1587792266","21"
"9onoVja1f3.csv","1587792266","1587792287","21"
"AhPucgUAXL.csv","1587792287","1587792308","21"
"BDvuUOwHUk.csv","1587792308","1587792329","21"
"BL6WDt1WK1.csv","1587792329","1587792350","21"
"Bhpb7iEjZW.csv","1587792350","1587792371","21"
"CjuxyiLPeL.csv","1587792371","1587792392","21"
"Dgeck80tS3.csv","1587792392","1587792412","20"
"F8dZ8BvWUH.csv","1587792412","1587792433","21"
"FFfzMxPuch.csv","1587792433","1587792455","22"
"G0aEGx6FGz.csv","1587792455","1587792476","21"
"GFBzgchScy.csv","1587792476","1587792497","21"
"I0z2qTW1CO.csv","1587792497","1587792517","20"
"IRpJth579M.csv","1587792517","1587792539","22"
"ITKXfZ1VBl.csv","1587792539","1587792560","21"
"JVbschyHmV.csv","1587792560","1587792581","21"
"Jrwmd5Bd0Y.csv","1587792581","1587792601","20"
"K2GTriNY19.csv","1587792601","1587792623","22"
"KTbcVa4Akz.csv","1587792623","1587792644","21"
"KwFcbtqNO9.csv","1587792644","1587792665","21"
"LLs6gLCkiL.csv","1587792665","1587792686","21"
"LOYIdREn0x.csv","1587792686","1587792707","21"
"MJLRROmZKP.csv","1587792707","1587792728","21"
"MrwCTo6vPt.csv","1587792728","1587792749","21"
"N6SLj0PABA.csv","1587792749","1587792770","21"
"OJBv40kll0.csv","1587792770","1587792792","22"
"OiuQ6h4VM6.csv","1587792792","1587792813","21"
"PzBzEB9Z8w.csv","1587792813","1587792834","21"
"QVnUQql6Kv.csv","1587792834","1587792855","21"
"RXA0SAFKn8.csv","1587792855","1587792877","22"
"RegY4COS84.csv","1587792877","1587792898","21"
"Rkw9hklsGw.csv","1587792898","1587792919","21"
"S6eZAirOQL.csv","1587792919","1587792941","22"
"SEC4t35VBA.csv","1587792941","1587792962","21"
"SHY9xhWLXb.csv","1587792962","1587792983","21"
"SeXIvZKgb6.csv","1587792983","1587793006","23"
"Ujsr1Gumxg.csv","1587793006","1587793029","23"
"V1VY3Mb7N4.csv","1587793029","1587793050","21"
"V2DHqMqMbU.csv","1587793050","1587793071","21"
"WW9RC0id0g.csv","1587793071","1587793093","22"
"WjMM9v7Gxy.csv","1587793093","1587793115","22"
"Y9KFi1gPNH.csv","1587793115","1587793136","21"
"YUMHtDqLV9.csv","1587793136","1587793158","22"
"YcfbfsLEMB.csv","1587793158","1587793180","22"
"ZArtsp3OT5.csv","1587793180","1587793202","22"
"ZRTLklCaBl.csv","1587793202","1587793223","21"
"b0XNMXIA6M.csv","1587793223","1587793245","22"
"cK3Qa1yKqI.csv","1587793245","1587793267","22"
"cYISrbepLe.csv","1587793267","1587793288","21"
"d2FvZx2YwO.csv","1587793288","1587793310","22"
"dblA45WNbQ.csv","1587793310","1587793331","21"
"e9yMmfBosJ.csv","1587793331","1587793353","22"
"eAbC52RDg1.csv","1587793353","1587793374","21"
"eLtOfjgM97.csv","1587793374","1587793396","22"
"gKs4byNwAW.csv","1587793396","1587793418","22"
"gsKvzNm046.csv","1587793418","1587793439","21"
"ibOZSe9Ouy.csv","1587793439","1587793461","22"
"ikdUNIZgtg.csv","1587793461","1587793482","21"
"j0V6h7J1S5.csv","1587793482","1587793504","22"
"k1KF5pZ6Sk.csv","1587793504","1587793525","21"
"kCqnItUBpG.csv","1587793525","1587793546","21"
"l8NImYiREc.csv","1587793546","1587793568","22"
"l8OLFblMcN.csv","1587793568","1587793589","21"
"lbKp5Rj1Ux.csv","1587793589","1587793612","23"
"meUrSBUrIB.csv","1587793612","1587793633","21"
"nZu2KRkvDP.csv","1587793633","1587793655","22"
"o8zrxUrwvU.csv","1587793655","1587793676","21"
"oGllhoTKoE.csv","1587793676","1587793698","22"
"pQRgoMmaDf.csv","1587793698","1587793719","21"
"pvye2IsC06.csv","1587793719","1587793740","21"
"qKSv7O03IT.csv","1587793740","1587793762","22"
"quCIAgXOG7.csv","1587793762","1587793784","22"
"rPkkZswFpG.csv","1587793784","1587793805","21"
"tOeKHQtINw.csv","1587793805","1587793827","22"
"uhoJj5gtxu.csv","1587793827","1587793848","21"
"uijrMrGmAX.csv","1587793848","1587793870","22"
"uw14Ca79Nu.csv","1587793870","1587793891","21"
"vi6J1bRKHX.csv","1587793891","1587793913","22"
"wfgg2eg6YH.csv","1587793913","1587793935","22"
"wsorWEv0p4.csv","1587793935","1587793957","22"
"y8ztbZqZua.csv","1587793957","1587793979","22"
"z6OlN1Yo2H.csv","1587793979","1587794000","21"
"zIIUhjEuP9.csv","1587794000","1587794022","22"
"zTwbjG0a3m.csv","1587794022","1587794044","22"
"zcIHlvjdzK.csv","1587794044","1587794066","22"
"zle7epD6Fz.csv","1587794066","1587794087","21"
"zlpYMqM1Zk.csv","1587794087","1587794109","22"
