"File Name","Start Time ","End Time","Execution Time"
"07lBjIIloW.csv","1587794326","1587794356","30"
"0UpHGuR6oR.csv","1587794356","1587794389","33"
"0mRFCZKen3.csv","1587794389","1587794421","32"
"0nAS472xD9.csv","1587794421","1587794452","31"
"12emngsrGX.csv","1587794452","1587794484","32"
"185lL5IV5G.csv","1587794484","1587794517","33"
"2NhXuRDUO8.csv","1587794517","1587794550","33"
"4Gb6bnrOv0.csv","1587794550","1587794581","31"
"4oKTUPElHG.csv","1587794581","1587794613","32"
"5VTJREgmoe.csv","1587794613","1587794644","31"
"7I7Ze7Zg6Q.csv","1587794644","1587794676","32"
"7If2RG9N8D.csv","1587794676","1587794708","32"
"8mfD1U12Uj.csv","1587794708","1587794740","32"
"9SWYM9x6mo.csv","1587794740","1587794773","33"
"AwBRWMtz5s.csv","1587794773","1587794805","32"
"C5mtdPBCn2.csv","1587794805","1587794837","32"
"DfyzlkUWwc.csv","1587794837","1587794869","32"
"FEKFhpvInY.csv","1587794869","1587794902","33"
"GHYmGieEYP.csv","1587794902","1587794934","32"
"GIpzljIZx5.csv","1587794934","1587794967","33"
"Hlt9jeyLqm.csv","1587794967","1587794999","32"
"I6SzrszF9u.csv","1587794999","1587795032","33"
"Ii6y7cCzqe.csv","1587795032","1587795065","33"
"Jz7A24ilBA.csv","1587795065","1587795098","33"
"K32eFDrgJR.csv","1587795098","1587795130","32"
"KFjbRM28dV.csv","1587795130","1587795162","32"
"KWDLAA0iI1.csv","1587795162","1587795195","33"
"KtG5hXMMk4.csv","1587795195","1587795228","33"
"KxBOSDMuby.csv","1587795228","1587795260","32"
"LeXYOs0SXC.csv","1587795260","1587795293","33"
"MuG3YmtwT5.csv","1587795293","1587795326","33"
"NRiSdLuQjI.csv","1587795326","1587795359","33"
"NVmwytSHHA.csv","1587795359","1587795392","33"
"NfXD5MSLjt.csv","1587795392","1587795426","34"
"Nl1W93JjuO.csv","1587795426","1587795459","33"
"OD28J8UcI1.csv","1587795459","1587795491","32"
"OoTHsjvK7S.csv","1587795491","1587795525","34"
"OtOr9TjIuW.csv","1587795525","1587795558","33"
"PS2DHKY8yP.csv","1587795558","1587795592","34"
"QNvmUWZGbJ.csv","1587795592","1587795625","33"
"QZ5W9qNogU.csv","1587795625","1587795657","32"
"Qe9m4eNOsj.csv","1587795657","1587795690","33"
"QpGVubyewF.csv","1587795690","1587795724","34"
"RrGoFAr67Y.csv","1587795724","1587795757","33"
"RudGavzDD7.csv","1587795757","1587795790","33"
"SBtGBeaeAJ.csv","1587795790","1587795823","33"
"Stg9Ztv4Hz.csv","1587795823","1587795856","33"
"TLyWhqxHqh.csv","1587795856","1587795889","33"
"Umj6Di3lpP.csv","1587795889","1587795922","33"
"VDlHZLnQVa.csv","1587795922","1587795955","33"
"Vgjf14u7Mg.csv","1587795955","1587795988","33"
"XAA8QQNO5r.csv","1587795988","1587796020","32"
"YFveh6MLKU.csv","1587796020","1587796053","33"
"YpJZGMABgz.csv","1587796053","1587796085","32"
"ZGn1i09r3V.csv","1587797444","1587797475","31"
"ZM0QbksBfD.csv","1587797475","1587797507","32"
"ZoI6W8vAEq.csv","1587797507","1587797539","32"
"a38sewjfly.csv","1587797539","1587797574","35"
"aAIq1IDIsb.csv","1587797574","1587797605","31"
"aLf4JT9fdc.csv","1587797605","1587797637","32"
"bc9miMZ2Bn.csv","1587797637","1587797669","32"
"bloBAWD8Kr.csv","1587797669","1587797702","33"
"buuYJTWecO.csv","1587797702","1587797734","32"
"c7c5vIgMNX.csv","1587797734","1587797766","32"
"ePhLby6JTA.csv","1587797766","1587797799","33"
"egW1GR4m0A.csv","1587797799","1587797831","32"
"el5E9nEhzO.csv","1587797831","1587797863","32"
"fA2nKsLEEF.csv","1587797863","1587797896","33"
"fAVfCNoSEY.csv","1587797896","1587797928","32"
"gAc7fqac83.csv","1587797928","1587797961","33"
"gCyd3932d3.csv","1587797961","1587797993","32"
"hny3B4HQZ7.csv","1587797993","1587798026","33"
"i4HyGT9R6a.csv","1587798026","1587798058","32"
"iWB9zXJeam.csv","1587798058","1587798091","33"
"jAqzAhtJdO.csv","1587798091","1587798125","34"
"jD7Pkzq50b.csv","1587798125","1587798158","33"
"jbnq32EfOV.csv","1587798158","1587798191","33"
"jgEcpmInqD.csv","1587798191","1587798224","33"
"jyAZJyea3D.csv","1587798224","1587798264","40"
"kuoEhq1vTC.csv","1587798264","1587798322","58"
"lEb0dI1kVU.csv","1587798322","1587798384","62"
"lv0uopnLwm.csv","1587798384","1587798450","66"
"m7k4pBPp1p.csv","1587798450","1587798507","57"
"mBbeBD7iaF.csv","1587798507","1587798564","57"
"mZDWPiHtX7.csv","1587798564","1587798617","53"
"myDiqTi3fo.csv","1587798617","1587798673","56"
"oNexyHLSb4.csv","1587798673","1587798736","63"
"oUnQHz26Qy.csv","1587798736","1587798795","59"
"pIPai5gPwt.csv","1587798795","1587798858","63"
"ptvrRobjVJ.csv","1587798858","1587798921","63"
"qWGX3CDS5L.csv","1587798921","1587798979","58"
"rgNiuvRvEs.csv","1587798979","1587799037","58"
"sDa4bYUQbh.csv","1587799037","1587799088","51"
"sWFYqy7uqO.csv","1587799088","1587799143","55"
"sjxmyG8nFf.csv","1587799143","1587799202","59"
"v5H5ThQ0cu.csv","1587799202","1587799266","64"
"wPNH2N63lS.csv","1587799266","1587799330","64"
"ygTGqIwLbb.csv","1587799330","1587799385","55"
"z1TCAKupiy.csv","1587799385","1587799443","58"
"zky1k7Btjr.csv","1587799443","1587799503","60"
