"File Name","Start Time ","End Time","Execution Time"
"0RMvg9xJkQ.csv","1587799503","1587799584","81"
"0uXJ1wBmRZ.csv","1587799584","1587799668","84"
"1T5FAZtQzN.csv","1587799668","1587799751","83"
"1h1lvsvdUR.csv","1587799751","1587799841","90"
"1pMqijFTOT.csv","1587799841","1587799932","91"
"1sb0gHMt6U.csv","1587799932","1587800028","96"
"2CS4x6ytdI.csv","1587800028","1587800124","96"
"2eNsV8ybhX.csv","1587800124","1587800220","96"
"2wmIHT06vY.csv","1587800221","1587800318","97"
"5DxhsbH6NY.csv","1587800318","1587800403","85"
"6FyEUrKMbi.csv","1587800403","1587800482","79"
"6I62RSnX5G.csv","1587800482","1587800564","82"
"7T96pd1khg.csv","1587800564","1587800651","87"
"7wJ72gj9ci.csv","1587800651","1587800739","88"
"89y9d2CRCV.csv","1587800739","1587800821","82"
"8Hui9txmXL.csv","1587800821","1587800908","87"
"8Jl7bQFqb6.csv","1587800908","1587801000","92"
"8PlXs2OHcK.csv","1587801000","1587801086","86"
"9ialH59gXh.csv","1587801086","1587801159","73"
"AGNNhTkGmi.csv","1587801159","1587801256","97"
"AYYepvhOhk.csv","1587801256","1587801309","53"
"B74lKQqJcJ.csv","1587801309","1587801392","83"
"BGpZ2HGDcN.csv","1587801392","1587801469","77"
"BLZghAwUIX.csv","1587801469","1587801516","47"
"BlkJ0pkhyq.csv","1587801516","1587801565","49"
"DNdlLq3TWj.csv","1587801565","1587801612","47"
"DP8M3lzc1G.csv","1587801612","1587801671","59"
"EE1PGWdRbx.csv","1587801671","1587801775","104"
"EvTZP6WhFo.csv","1587801775","1587801845","70"
"FT3fxLzHAh.csv","1587801845","1587801895","50"
"FiqqDdcmXk.csv","1587801895","1587801943","48"
"GwTe3Th3qA.csv","1587801943","1587801991","48"
"IDAwVRnP4Z.csv","1587801991","1587802039","48"
"JX8i6bUXcK.csv","1587802039","1587802089","50"
"Jc05Od4Sz7.csv","1587802089","1587802144","55"
"Jlx7PQo9ru.csv","1587802144","1587802204","60"
"KgrhWwgfIw.csv","1587802204","1587802262","58"
"KqeFVOWD42.csv","1587802262","1587802321","59"
"M29kdaJ4g2.csv","1587802321","1587802369","48"
"N4RJ44nFtj.csv","1587802369","1587802416","47"
"NQOW7AOUBT.csv","1587802416","1587802464","48"
"Os77RZxMsL.csv","1587802464","1587802511","47"
"Q5kJxNEJ16.csv","1587802511","1587802559","48"
"QcBPagSbwa.csv","1587802559","1587802606","47"
"SHw1CN9V9K.csv","1587802606","1587802654","48"
"SOqeeG89VN.csv","1587802654","1587802701","47"
"SPbhApUUDC.csv","1587802701","1587802749","48"
"TmFO5wNKE7.csv","1587802749","1587802797","48"
"Tnxxl1VOji.csv","1587802797","1587802845","48"
"TosmruRvg9.csv","1587802845","1587802893","48"
"TtjnbENWX5.csv","1587802893","1587802941","48"
"U2TdHLXP3u.csv","1587802941","1587802989","48"
"UMZtLjQWnN.csv","1587802989","1587803037","48"
"WbD4plh0nc.csv","1587803037","1587803085","48"
"Wq3wbl26Hc.csv","1587803085","1587803134","49"
"Y4gwdda0To.csv","1587803134","1587803182","48"
"YwmWh1hEmE.csv","1587803182","1587803230","48"
"bKiYAqfpsx.csv","1587803230","1587803278","48"
"bznhrCq8JU.csv","1587803278","1587803332","54"
"cExTGCZmik.csv","1587803332","1587803381","49"
"cGXCwJoQxF.csv","1587803381","1587803428","47"
"cQJU8XHBlJ.csv","1587803429","1587803476","47"
"cRh4qNLxxx.csv","1587803476","1587803524","48"
"cpAx2j404u.csv","1587803524","1587803571","47"
"dBGclUoCl2.csv","1587803571","1587803619","48"
"deWQStJRRB.csv","1587803619","1587803667","48"
"eAfX4wgL5G.csv","1587803667","1587803715","48"
"et35QNu9jF.csv","1587803715","1587803764","49"
"gDYnthFTse.csv","1587803764","1587803812","48"
"gyG5JbY3tM.csv","1587803812","1587803860","48"
"h9NjW8Vxmm.csv","1587803860","1587803907","47"
"hc3YzKhRpi.csv","1587803907","1587803955","48"
"jZWqE0bjLi.csv","1587803955","1587804003","48"
"kDaVRw4Ybm.csv","1587804003","1587804051","48"
"kirHPhQRAb.csv","1587804051","1587804099","48"
"lkXlz6lcNz.csv","1587804099","1587804147","48"
"lpGytSDEDb.csv","1587804147","1587804195","48"
"m5a2gb9vdw.csv","1587804195","1587804243","48"
"mAvmKosDSO.csv","1587804243","1587804291","48"
"mhNj8dTLOm.csv","1587804291","1587804339","48"
"nQ8TI8DfTp.csv","1587804339","1587804388","49"
"nomAhIfimg.csv","1587804388","1587804436","48"
"nxEH5KlWhO.csv","1587804436","1587804484","48"
"oEyVPQtI5Z.csv","1587804484","1587804532","48"
"okmgXtRcln.csv","1587804532","1587804580","48"
"qTuhd6xnlZ.csv","1587804580","1587804629","49"
"qrV6GiEUI0.csv","1587804629","1587804677","48"
"rJ8Vgq9cuO.csv","1587804677","1587804725","48"
"rUj4ycG6zH.csv","1587804725","1587804774","49"
"sa0g50ayZ2.csv","1587804774","1587804822","48"
"tGfU6aAbWc.csv","1587804822","1587804870","48"
"u88rW07a3b.csv","1587804870","1587804919","49"
"vHhyrp6Iko.csv","1587804919","1587804967","48"
"vmZ4K3u5sr.csv","1587804967","1587805016","49"
"wSW26CjVF3.csv","1587805016","1587805064","48"
"x0D4MOEOG4.csv","1587805064","1587805113","49"
"x7KMsy09SX.csv","1587805113","1587805162","49"
"xLC9WkQxws.csv","1587805162","1587805210","48"
"xgJ1fIAxOQ.csv","1587805210","1587805259","49"
"z1vz6Vy61k.csv","1587805259","1587805309","50"
