"File Name","Start Time ","End Time","Execution Time"
"180VaFSKLk.csv","1587805827","1587805893","66"
"1xGA36F2aj.csv","1587805893","1587805958","65"
"2955LMg19V.csv","1587805959","1587806023","64"
"2BGbuxAzHN.csv","1587806024","1587806087","63"
"2GUT3niyUJ.csv","1587806087","1587806149","62"
"2LewYsnDcP.csv","1587806149","1587806211","62"
"2wtncH3bjX.csv","1587806211","1587806273","62"
"4naHsiIec1.csv","1587806273","1587806335","62"
"5l5G70XVJJ.csv","1587806335","1587806396","61"
"6Nj6ifPJ43.csv","1587806397","1587806458","61"
"6RK4bXe9Lo.csv","1587806459","1587806521","62"
"7T0SqjRyow.csv","1587806521","1587806583","62"
"7kg7tSyQur.csv","1587806583","1587806644","61"
"8aKQa5eNZW.csv","1587806645","1587806708","63"
"97ItyetcAv.csv","1587806708","1587806770","62"
"9JTfYnLEjT.csv","1587806770","1587806832","62"
"A639SMm8oL.csv","1587806832","1587806894","62"
"BGc3Wl4cvx.csv","1587806894","1587806957","63"
"BKvUlEkz8c.csv","1587806957","1587807019","62"
"DZpR1r3Eyc.csv","1587807019","1587807082","63"
"DnOlYgXaxX.csv","1587807082","1587807144","62"
"ETgMmoFsSg.csv","1587807144","1587807207","63"
"EeSI5cZokQ.csv","1587807207","1587807269","62"
"FXzE6Hpx1K.csv","1587807269","1587807332","63"
"FndgMtEYIk.csv","1587807332","1587807395","63"
"HsAXnT2F9A.csv","1587807395","1587807458","63"
"IQ4Btbu5DR.csv","1587807458","1587807521","63"
"Iayysziy64.csv","1587807521","1587807584","63"
"J0spEcLvPZ.csv","1587807584","1587807647","63"
"JAGhEM8oAU.csv","1587807647","1587807717","70"
"JiokCB7HpP.csv","1587807717","1587807791","74"
"KG9mzcSaqf.csv","1587807791","1587807854","63"
"KMdSgcCwpn.csv","1587807854","1587807917","63"
"KbrEXRWco2.csv","1587807917","1587807981","64"
"Ktq2BzW3nk.csv","1587807981","1587808046","65"
"LHHIuIIG2U.csv","1587808046","1587808109","63"
"LcQVMOuXTh.csv","1587808109","1587808172","63"
"LjrWOWLBD5.csv","1587808172","1587808235","63"
"MjzqnwbqNN.csv","1587808235","1587808299","64"
"MoMrrulAjx.csv","1587808299","1587808362","63"
"N0tfG4kEAN.csv","1587808362","1587808426","64"
"OT4QBEp0Go.csv","1587808426","1587808489","63"
"OjTQhTh6dr.csv","1587808489","1587808552","63"
"Oxvp2YdLK0.csv","1587808552","1587808615","63"
"Q7HKRrKlUy.csv","1587808615","1587808679","64"
"TAEkZ0KlAF.csv","1587808679","1587808742","63"
"TOv0tXenRx.csv","1587808742","1587808805","63"
"UX6Ie8MOqq.csv","1587808805","1587808868","63"
"VrkeGT0ooC.csv","1587808868","1587808934","66"
"Vufn3Otk9E.csv","1587808934","1587808997","63"
"W66ZozaTVs.csv","1587808997","1587809060","63"
"WIFEtTvJhd.csv","1587809060","1587809123","63"
"WSYgieFnNO.csv","1587809123","1587809190","67"
"Wid3fdOfth.csv","1587809190","1587809253","63"
"Y11pAaOLEQ.csv","1587809253","1587809317","64"
"YnZGQVAa6D.csv","1587809317","1587809380","63"
"Z1TBonC5oi.csv","1587809380","1587809444","64"
"aPGieRGYsw.csv","1587809444","1587809508","64"
"bJRwvjZDnJ.csv","1587809508","1587809571","63"
"bQveq5M7SQ.csv","1587809572","1587809635","63"
"blEIzGnBPi.csv","1587809635","1587809698","63"
"cCDgItPpVX.csv","1587809698","1587809761","63"
"cefHYrIkJU.csv","1587809761","1587809825","64"
"dYyXwuiaR6.csv","1587809825","1587809888","63"
"e8bpx1MyGc.csv","1587809888","1587809951","63"
"eUuT0Jm9xE.csv","1587809951","1587810014","63"
"f9dSl7IJoV.csv","1587810014","1587810077","63"
"gVlzoWxni6.csv","1587810077","1587810141","64"
"gjfren6y9K.csv","1587810141","1587810204","63"
"gvip9wyGKW.csv","1587810204","1587810267","63"
"h9PXjFIC7E.csv","1587810267","1587810331","64"
"hz52fZt5SD.csv","1587810331","1587810394","63"
"i22OG0EAFm.csv","1587810394","1587810458","64"
"iBMuXjQUqk.csv","1587810458","1587810522","64"
"jTZiCenBJt.csv","1587810522","1587810586","64"
"jwoyW0zyCI.csv","1587810586","1587810649","63"
"kE3zn9Jd7Q.csv","1587810649","1587810713","64"
"mgmLUEC6tC.csv","1587810713","1587810776","63"
"mhBq30KVgm.csv","1587810776","1587810840","64"
"mqkt5I0xhl.csv","1587810840","1587810903","63"
"nU6bVkN7Du.csv","1587810903","1587810967","64"
"nrlHlpRGul.csv","1587810967","1587811031","64"
"omeG9wiItH.csv","1587811031","1587811094","63"
"pUtH6ogMth.csv","1587811094","1587811158","64"
"qGS2eXf068.csv","1587811158","1587811221","63"
"qJU8w4dypI.csv","1587811221","1587811285","64"
"qN1xxtZDn4.csv","1587811285","1587811349","64"
"qPCegwBO9N.csv","1587811349","1587811413","64"
"qZn4U5Y0L6.csv","1587811413","1587811476","63"
"qsAu9DfHFX.csv","1587811476","1587811540","64"
"rouP21wYut.csv","1587811540","1587811604","64"
"rsxFseSGXj.csv","1587811604","1587811668","64"
"sdTgcHByt1.csv","1587811668","1587811732","64"
"uInuRHTdgh.csv","1587811732","1587811795","63"
"vxv60QOSJQ.csv","1587811795","1587811859","64"
"w4w1BYNyRp.csv","1587811859","1587811923","64"
"wxmoXufvKv.csv","1587811923","1587811987","64"
"zJuvKWu4md.csv","1587811987","1587812051","64"
"zLx1TxacXr.csv","1587812051","1587812115","64"
"zjtwoIoz5v.csv","1587812115","1587812179","64"
