"File Name","Start Time ","End Time","Execution Time"
"0QFsAPdppx.csv","1587812179","1587812262","83"
"0nub6Kjlae.csv","1587812262","1587812345","83"
"0tWEzlgnjg.csv","1587812345","1587812428","83"
"2Nyl9FPqgw.csv","1587812429","1587812515","86"
"3tvhzDu4PC.csv","1587812515","1587812598","83"
"4k8WG7JsdO.csv","1587812598","1587812681","83"
"5PkudzcC5D.csv","1587812682","1587812765","83"
"5w4v5jkq35.csv","1587812765","1587812848","83"
"637v3rbEZR.csv","1587812848","1587812931","83"
"6b3vBbLs7f.csv","1587812931","1587813015","84"
"8vJbOS7fHh.csv","1587813015","1587813098","83"
"9CM5kNAsFJ.csv","1587813098","1587813181","83"
"9yJaDV2QMd.csv","1587813181","1587813264","83"
"AIFnUYJRNg.csv","1587813265","1587813349","84"
"Aq5B6wQEXr.csv","1587813349","1587813433","84"
"CLInGodrKa.csv","1587813433","1587813516","83"
"CraXNuWIHt.csv","1587813516","1587813600","84"
"ECzEIU0Rbq.csv","1587813600","1587813684","84"
"EEZxHiwy0y.csv","1587813684","1587813767","83"
"EKi0nxzKby.csv","1587813767","1587813851","84"
"EkibT9s1vR.csv","1587813851","1587813935","84"
"FAfxp8d357.csv","1587813935","1587814019","84"
"FDKm4ryCdI.csv","1587814019","1587814103","84"
"G3B57yRsdT.csv","1587814103","1587814187","84"
"GtBcgqVvAy.csv","1587814187","1587814270","83"
"HaGatDm62p.csv","1587814270","1587814354","84"
"I0oYcLBGkv.csv","1587814354","1587814437","83"
"IR2LB2E0vI.csv","1587814437","1587814521","84"
"ITpZciK8eW.csv","1587814521","1587814606","85"
"JkxtsfVOmT.csv","1587814606","1587814690","84"
"Km9MLoBZ1F.csv","1587814690","1587814775","85"
"KolBsdKSxP.csv","1587814775","1587814859","84"
"Le49YewS8O.csv","1587814859","1587814942","83"
"LfaYgVjU4c.csv","1587814943","1587815027","84"
"NJg63rgLIe.csv","1587815027","1587815112","85"
"O3yvFjDR9P.csv","1587815112","1587815197","85"
"OEcYq6XGnd.csv","1587815197","1587815281","84"
"QgxTkafotS.csv","1587815281","1587815365","84"
"QnkfZk5JIM.csv","1587815365","1587815449","84"
"SxrPwU1EZQ.csv","1587815449","1587815533","84"
"T7MZR0XP0J.csv","1587815533","1587815617","84"
"UUFC30Xsb1.csv","1587815617","1587815702","85"
"UWxE6BlPBu.csv","1587815702","1587815786","84"
"UuAVSFzRQu.csv","1587815786","1587815870","84"
"VVVVAAwDTt.csv","1587815870","1587815955","85"
"VaQDufdYGS.csv","1587815955","1587816039","84"
"VvXT83kok8.csv","1587816039","1587816124","85"
"WkfxNY3SGV.csv","1587816124","1587816208","84"
"X8mBUe8Drm.csv","1587816208","1587816292","84"
"YG8RYMgSiv.csv","1587816292","1587816376","84"
"YNd8l4vrHO.csv","1587816376","1587816463","87"
"YPSdWm82MP.csv","1587816463","1587816547","84"
"YnhHWHISZD.csv","1587816547","1587816631","84"
"Yx4KevCNI0.csv","1587816631","1587816717","86"
"ZEjPeTcSC7.csv","1587816717","1587816801","84"
"atKSZIRYzA.csv","1587816801","1587816885","84"
"cEh4knEeDP.csv","1587816885","1587816970","85"
"cOXD9JlI4P.csv","1587816970","1587817054","84"
"d7fGGjgUa4.csv","1587817054","1587817138","84"
"e7eatYGqxS.csv","1587817138","1587817222","84"
"enNSSAnVTp.csv","1587817222","1587817306","84"
"f5pM1nR8Fk.csv","1587817306","1587817391","85"
"f9CncsPVMS.csv","1587817391","1587817475","84"
"fMqvv1fwYz.csv","1587817475","1587817560","85"
"fXA36boXW8.csv","1587817560","1587817644","84"
"fZjm7V7vWs.csv","1587817644","1587817728","84"
"fj1hhYhodV.csv","1587817728","1587817812","84"
"foTrO6gecN.csv","1587817812","1587817897","85"
"gLMOSBa9k1.csv","1587817897","1587817981","84"
"gheVEcCJJ0.csv","1587817981","1587818066","85"
"h1QRCX5CkP.csv","1587818066","1587818150","84"
"h5cfYLa8Ed.csv","1587818150","1587818235","85"
"iZrn3NRyjY.csv","1587818235","1587818319","84"
"irqQHBb9CT.csv","1587818319","1587818403","84"
"jnqWV15jha.csv","1587818403","1587818488","85"
"kLokNfMhzc.csv","1587818488","1587818572","84"
"lnO4MAQiFq.csv","1587818572","1587818657","85"
"o531Jmtfhg.csv","1587818657","1587818741","84"
"oFOAIEj09P.csv","1587818741","1587818826","85"
"pPAtw01LeD.csv","1587818826","1587818911","85"
"pnMGvn7wvo.csv","1587818911","1587818996","85"
"qD5FpJSNxX.csv","1587818996","1587819081","85"
"qoGeRWRER3.csv","1587819081","1587819165","84"
"rOC5Dqbhlt.csv","1587819165","1587819250","85"
"rjdc8thKn1.csv","1587819250","1587819335","85"
"rvIA4Yjqk0.csv","1587819335","1587819419","84"
"sR91eCfT1i.csv","1587819419","1587819504","85"
"sniuuRKXv5.csv","1587819504","1587819588","84"
"utspNZgJC8.csv","1587819588","1587819672","84"
"v6aexvr8U9.csv","1587819672","1587819759","87"
"vCDd8uKGFv.csv","1587819759","1587819843","84"
"vvTeqjfhci.csv","1587819843","1587819927","84"
"wNWw1bFIpS.csv","1587819927","1587820012","85"
"x0Ub5UJ6fl.csv","1587820012","1587820096","84"
"xfIMRQ69qT.csv","1587820096","1587820181","85"
"y1jxNSwr4F.csv","1587820181","1587820266","85"
"z8J5yqkL4J.csv","1587820266","1587820351","85"
"zUDtT9z2ir.csv","1587820351","1587820435","84"
"zXY5yK7I3e.csv","1587820435","1587820520","85"
"zZTWcAbKaI.csv","1587820520","1587820605","85"
