"File Name","Start Time ","End Time","Execution Time"
"0AypoXqHbf.csv","1587820605","1587820712","107"
"1Ml0WpZorN.csv","1587820712","1587820820","108"
"1TMA5W67Jn.csv","1587820820","1587820927","107"
"1XtSkV425F.csv","1587820927","1587821034","107"
"29jramxIiW.csv","1587821034","1587821141","107"
"2Qt7n567QD.csv","1587821141","1587821247","106"
"2calGr6no1.csv","1587821247","1587821354","107"
"38PRdmczQa.csv","1587821354","1587821461","107"
"3OJJU0jU8t.csv","1587821461","1587821568","107"
"3aAlBdV5QR.csv","1587821568","1587821675","107"
"3cPU7VTEFB.csv","1587821675","1587821782","107"
"4e35QyoB50.csv","1587821782","1587821888","106"
"4iFXdlW6QR.csv","1587821888","1587821996","108"
"5VLJ3YFK4Q.csv","1587821996","1587822103","107"
"5wbbxraXfT.csv","1587822103","1587822212","109"
"82WH3YPUFk.csv","1587822212","1587822319","107"
"9xIbGzeMVF.csv","1587822319","1587822426","107"
"A017Ypixrf.csv","1587822426","1587822533","107"
"AE8QzfD0AN.csv","1587822533","1587822640","107"
"BGJ7Lcaqcf.csv","1587822640","1587822746","106"
"BRpQDnyhXI.csv","1587822746","1587822853","107"
"C5OrP9QDlI.csv","1587822853","1587822959","106"
"EVnvWEWsA8.csv","1587822960","1587823066","106"
"EtuH5yUa3H.csv","1587823066","1587823173","107"
"GUdlNbqQXu.csv","1587823173","1587823280","107"
"Ilruy0eVWU.csv","1587823280","1587823388","108"
"JGMwGFVm1E.csv","1587823388","1587823495","107"
"JOLndHm1uU.csv","1587823495","1587823602","107"
"JQ7GFnrkMi.csv","1587823602","1587823712","110"
"JU0fc7RuNN.csv","1587823712","1587823820","108"
"JwyluswbrT.csv","1587823820","1587823928","108"
"Lq20KnVGcb.csv","1587823928","1587824035","107"
"MDNnwPkrkU.csv","1587824035","1587824142","107"
"MF6CWS5vT3.csv","1587824142","1587824249","107"
"MRc2Fj8RHO.csv","1587824249","1587824357","108"
"MVmeCugx1z.csv","1587824357","1587824464","107"
"MXOVhLNXiw.csv","1587824464","1587824572","108"
"MovPGOyMPt.csv","1587824572","1587824679","107"
"NVAq9lKwka.csv","1587824679","1587824787","108"
"Ny9hB97vxf.csv","1587824787","1587824894","107"
"OSumcjMbyv.csv","1587824894","1587825001","107"
"OdG9Yo71Pu.csv","1587825001","1587825110","109"
"PAjvxCpK3p.csv","1587825110","1587825218","108"
"Q2GCeIuNVo.csv","1587825218","1587825325","107"
"QG9IT7246T.csv","1587825325","1587825432","107"
"SwY9gEQvjL.csv","1587825432","1587825539","107"
"SwlOdX1GDE.csv","1587825539","1587825672","133"
"TO68JHQMwh.csv","1587825672","1587825836","164"
"UhxquxgJJK.csv","1587825836","1587825971","135"
"VGjR9V1xRh.csv","1587825971","1587826107","136"
"X3WDyt0try.csv","1587826107","1587826242","135"
"YLxgzz9PMN.csv","1587826242","1587826377","135"
"YOCMZRabg2.csv","1587826377","1587826512","135"
"YvYirOIyVc.csv","1587826512","1587826648","136"
"Z1pSePtaUK.csv","1587826649","1587826783","134"
"ZIYjNTQcfN.csv","1587826783","1587826919","136"
"ZWTw6DfZaX.csv","1587826919","1587827055","136"
"Zidz1y8zY4.csv","1587827055","1587827191","136"
"ZsiLvkt66T.csv","1587827191","1587827325","134"
"bBSS8X2Kpp.csv","1587827325","1587827460","135"
"bvSnWsVXsD.csv","1587827460","1587827596","136"
"c5axtUC8zR.csv","1587827596","1587827731","135"
"cm4o1innXY.csv","1587827731","1587827865","134"
"cxCfzu6n45.csv","1587827865","1587828000","135"
"eAiBB8162f.csv","1587828000","1587828135","135"
"eNfLLsFRTB.csv","1587828135","1587828271","136"
"fTaqZfWEyB.csv","1587828271","1587828408","137"
"gVKEyluEwA.csv","1587828408","1587828516","108"
"gfeWUWHJmW.csv","1587828516","1587828626","110"
"i6zJ3tjGZC.csv","1587828626","1587828731","105"
"iVlXnc7bui.csv","1587828731","1587828836","105"
"icrEmFOl8w.csv","1587828836","1587828942","106"
"j6fK1TRPBT.csv","1587828942","1587829048","106"
"jWkVoeoNcP.csv","1587829048","1587829155","107"
"kXiF5yk7SO.csv","1587829155","1587829262","107"
"lIemDxnReV.csv","1587829262","1587829368","106"
"lkpT7SwnkV.csv","1587829368","1587829475","107"
"lxtMsgvdW7.csv","1587829475","1587829582","107"
"m8sGfyVHps.csv","1587829582","1587829689","107"
"mb9uKY8Ect.csv","1587829689","1587829795","106"
"nEp5pvCWZz.csv","1587829795","1587829901","106"
"o24eMZJMHU.csv","1587829902","1587830008","106"
"oBttyFkwmq.csv","1587830008","1587830115","107"
"pLZUagBICN.csv","1587830115","1587830221","106"
"r2FYUl5SKA.csv","1587830221","1587830328","107"
"sBXVeR3EvT.csv","1587830328","1587830435","107"
"t8jeVFgWAd.csv","1587830435","1587830545","110"
"tCwZSBCJ4W.csv","1587830545","1587830651","106"
"uINPuJR5fX.csv","1587830651","1587830757","106"
"uk5WLJoUOD.csv","1587830757","1587830871","114"
"uobwNbZutz.csv","1587830871","1587830996","125"
"vG87FCFlDq.csv","1587830996","1587831115","119"
"xWd5ONy1Rf.csv","1587831115","1587831241","126"
"xyKqa5ecPE.csv","1587831241","1587831354","113"
"yj5XeLowhf.csv","1587831354","1587831471","117"
"yzgRJNaULP.csv","1587831471","1587831590","119"
"zGxuqDShOq.csv","1587831590","1587831700","110"
"zYxUySPQnU.csv","1587831700","1587831804","104"
"zaEYQ3l9wb.csv","1587831804","1587831917","113"
"zyBFemNTPi.csv","1587831917","1587832039","122"
