"File Name","Start Time ","End Time","Execution Time"
"0GO6sy9WUZ.csv","1587832040","1587832189","149"
"0vdrvzrJ2w.csv","1587832189","1587832324","135"
"2DqH7weQIT.csv","1587832324","1587832470","146"
"2ux6LeMzSN.csv","1587832470","1587832611","141"
"3A1JPmt6eK.csv","1587832611","1587832754","143"
"3reD90hIh8.csv","1587832754","1587832893","139"
"5O4saqjkiA.csv","1587832893","1587833033","140"
"7CGgJKgFRF.csv","1587833033","1587833164","131"
"7lGkvihpwV.csv","1587833164","1587833290","126"
"8NMAkl1Wxv.csv","1587833290","1587833416","126"
"90FTGnj9Dv.csv","1587833416","1587833541","125"
"9DSt5YA5Pm.csv","1587833541","1587833672","131"
"9LJf6uY8cg.csv","1587833672","1587833810","138"
"9PEXeiluFY.csv","1587833810","1587833951","141"
"AGDfOyDHXF.csv","1587833951","1587834083","132"
"CEQGEW5y0w.csv","1587834083","1587834230","147"
"CXJt7J0sqw.csv","1587834230","1587834362","132"
"DT6GR5PVNq.csv","1587834362","1587834499","137"
"EsIzdn26cV.csv","1587834499","1587834629","130"
"EsXpUx3gte.csv","1587834629","1587834758","129"
"F0ORC3QBIa.csv","1587834758","1587834885","127"
"FMwd68mtlo.csv","1587834885","1587835012","127"
"G3sVTtYxlD.csv","1587835012","1587835139","127"
"HVy3BVWjZj.csv","1587835139","1587835267","128"
"Hf0ZE5tigh.csv","1587835267","1587835395","128"
"I98azTC9ss.csv","1587835395","1587835524","129"
"IKeLELFoI3.csv","1587835524","1587835652","128"
"ISmvvVmSJG.csv","1587835652","1587835778","126"
"IVxuJLSwGP.csv","1587835778","1587835905","127"
"JJFRhm1l81.csv","1587835905","1587836039","134"
"JcV7eeVMiI.csv","1587836039","1587836257","218"
"KqchUE5StA.csv","1587836257","1587836516","259"
"KrcHoX1A8I.csv","1587836516","1587836664","148"
"LCuou5CFlh.csv","1587836664","1587836801","137"
"LHU56jCQIK.csv","1587836801","1587836956","155"
"Lm6oVI9cqn.csv","1587836956","1587837134","178"
"LqEPovzoNF.csv","1587837134","1587837303","169"
"MIGTT4nAQ7.csv","1587837303","1587837471","168"
"NN5nMi59e8.csv","1587837471","1587837626","155"
"NlxGuRecD3.csv","1587837626","1587837770","144"
"O7sFo0msAa.csv","1587837770","1587837907","137"
"ONP5GdZZeJ.csv","1587837907","1587838124","217"
"OuFsyekuhY.csv","1587838124","1587838318","194"
"Paib5eS9xm.csv","1587838318","1587838464","146"
"Q2a7NV9cBU.csv","1587838464","1587838611","147"
"QbX22LEqGl.csv","1587838611","1587838827","216"
"Ql6SvgRSd1.csv","1587838827","1587839053","226"
"RMzTAM5U4V.csv","1587839053","1587839197","144"
"S3E793dmpX.csv","1587839197","1587839335","138"
"S67LiD4TsF.csv","1587839335","1587839475","140"
"SUED4nxCLO.csv","1587839475","1587839613","138"
"SYGyNU3XSj.csv","1587839613","1587839772","159"
"Tw0DOeRWSN.csv","1587839772","1587839929","157"
"Ven4IR0T1X.csv","1587839929","1587840073","144"
"X6IpBxc8TC.csv","1587840073","1587840213","140"
"XPJSGfI2zw.csv","1587840213","1587840366","153"
"XW1mBW7tI1.csv","1587840366","1587840524","158"
"Z1qs16JS6q.csv","1587840524","1587840660","136"
"ZF0YAls24N.csv","1587840660","1587840799","139"
"ZfSHi0LNep.csv","1587840799","1587840938","139"
"are6JKPMtc.csv","1587840938","1587841086","148"
"atQ1W9lHH1.csv","1587841086","1587841220","134"
"bEVYHCtZ5b.csv","1587841220","1587841372","152"
"bI7xHJqeRg.csv","1587841372","1587841521","149"
"bmB5XEs5q6.csv","1587841521","1587841658","137"
"bz5bO4yQqx.csv","1587841658","1587841797","139"
"cN2E2jOivl.csv","1587841797","1587841931","134"
"cQhkiWDFHF.csv","1587841931","1587842065","134"
"eOe5C95HV4.csv","1587842065","1587842200","135"
"fBRP5crtqN.csv","1587842200","1587842337","137"
"fO6UE5NkLK.csv","1587842337","1587842476","139"
"fY9eFQR6o8.csv","1587842476","1587842609","133"
"gtbl9UnhWU.csv","1587842609","1587842741","132"
"iBgsrh91Pj.csv","1587842741","1587842874","133"
"iqnqGHYgdM.csv","1587842874","1587843008","134"
"jVBbePXCfl.csv","1587843008","1587843142","134"
"k9VWfOJyhC.csv","1587843142","1587843275","133"
"lZ0TwVlYH5.csv","1587843275","1587843409","134"
"nDzsGKqVpf.csv","1587843409","1587843543","134"
"oKdaJz9aYD.csv","1587843543","1587843677","134"
"ob6eLUaQ1M.csv","1587843677","1587843813","136"
"p0Z2PPpKQr.csv","1587843813","1587843945","132"
"pUuFxYf1M9.csv","1587843945","1587844082","137"
"qPw5XHjmp8.csv","1587844082","1587844222","140"
"qYVzCQnmCX.csv","1587844222","1587844357","135"
"t6VkwrJubH.csv","1587844357","1587844491","134"
"tDJmt2Iq93.csv","1587844491","1587844626","135"
"tIN3ukZInF.csv","1587844626","1587844758","132"
"umWZubz27M.csv","1587844758","1587844892","134"
"vd12km83Bb.csv","1587844892","1587845027","135"
"vkDX83wtfb.csv","1587845027","1587845160","133"
"wDTsoZg69S.csv","1587845160","1587845293","133"
"wZGUT73vyd.csv","1587845293","1587845425","132"
"xFUMwHg0Fh.csv","1587845425","1587845558","133"
"xoOaREm4YF.csv","1587845558","1587845690","132"
"yKIhXXDwDH.csv","1587845690","1587845822","132"
"yxH0IExHf5.csv","1587845822","1587845954","132"
"zdol7Iqarr.csv","1587845954","1587846088","134"
"zjBHZw7P6v.csv","1587846088","1587846231","143"
"zkOc6Brqik.csv","1587846231","1587846369","138"
