File Name,Start Time ,End Time,Execution Time
01AsjTwmKU.csv,1587853422,1587853579,157
0StRsMvwDp.csv,1587853579,1587853726,147
19qfPaAHjh.csv,1587853726,1587853875,149
1FiYRBnhd4.csv,1587853875,1587854022,147
1xPc27yM3w.csv,1587854023,1587854171,148
25U6pTc5oi.csv,1587854172,1587854323,151
4G1u8e2pN9.csv,1587854324,1587854473,149
51bhaq1e6s.csv,1587854473,1587854623,150
61JXU4uI9I.csv,1587854623,1587854773,150
6kbJQ6XdaB.csv,1587854773,1587854923,150
7Dongi7Lgc.csv,1587854923,1587855074,151
7evoQ9eXly.csv,1587855074,1587855224,150
7gsEcgj0MB.csv,1587855225,1587855375,150
8Hg8j6MWJ1.csv,1587855375,1587855526,151
8PEOJysDJe.csv,1587855526,1587855677,151
8a2b5ZDgIR.csv,1587855677,1587855835,158
9oucmKgTRI.csv,1587855835,1587855985,150
9qdNJvoCCs.csv,1587855985,1587856135,150
ABDwGpRBLP.csv,1587856135,1587856285,150
BgO9ikhVoZ.csv,1587856285,1587856439,154
CN9vJB8v90.csv,1587856439,1587856604,165
CrkIqHh1JG.csv,1587856604,1587856758,154
CxCyanuQdM.csv,1587856758,1587856912,154
FVnKgOcOZg.csv,1587856912,1587857077,165
Fyl9i42R0Z.csv,1587857984,1587858132,148
G53fSTWBTn.csv,1587858132,1587858283,151
GcuRxuupuH.csv,1587858283,1587858437,154
HDEJiPce8N.csv,1587858437,1587858591,154
HMukyeYAin.csv,1587858591,1587858746,155
HV1JQum33c.csv,1587858746,1587858904,158
Hz8bDrcjBI.csv,1587858904,1587859060,156
I1ExV6tXZ4.csv,1587859060,1587859216,156
I6znApHa3f.csv,1587859216,1587859375,159
IK0cMTJjAX.csv,1587859375,1587859532,157
IgkiasxF9M.csv,1587859532,1587859691,159
Ksvob1chLa.csv,1587859691,1587859848,157
L6o6qyJm91.csv,1587859848,1587860017,169
LdOPFR2jnE.csv,1587862302,1587862561,259
MJPclf1d1o.csv,1587862561,1587862819,258
MjgalrnkTy.csv,1587863126,1587863358,232
OJeWqaxxRh.csv,1587863358,1587863577,219
PhhWXdTHgB.csv,1587863577,1587863776,199
QjaVcAWhbm.csv,1587863776,1587863935,159
RJSsZRdbgZ.csv,1587863935,1587864094,159
ROsU8xkxJl.csv,1587864094,1587864285,191
SO6rXvUGrx.csv,1587864285,1587864478,193
T20bluvln0.csv,1587864478,1587864647,169
U3fkBlfP4P.csv,1587864647,1587864821,174
U5Nl9OhGYG.csv,1587864821,1587864995,174
UNK8bBLyIq.csv,1587864995,1587865166,171
UYKgZ7FhQ7.csv,1587865166,1587865337,171
c9Ovo1NI0v.csv,1587865337,1587865506,169
cIYhQXAdSC.csv,1587865506,1587865675,169
dFCkakA3zC.csv,1587865675,1587865841,166
dZ7ZvQLybF.csv,1587865841,1587866011,170
dhTtp2KXfg.csv,1587866011,1587866167,156
eUwZ3tyDPc.csv,1587866167,1587866326,159
eX08fb1XX0.csv,1587866326,1587866491,165
fS3M53R6zb.csv,1587866491,1587866661,170
fjoQIJTDUq.csv,1587866661,1587866832,171
gTzOOT8iym.csv,1587866832,1587867004,172
gvaiRT49kh.csv,1587867004,1587867170,166
iv2GncpCtJ.csv,1587873319,1587873497,178
jKr87jAZvP.csv,1587867340,1587867511,171
jVmd6xfOiX.csv,1587867511,1587867679,168
jeGhPipwCW.csv,1587867679,1587867843,164
k2N42lELw2.csv,1587873568,1587873870,302
jy5wVjrX6A.csv,1587867843,1587868002,159
kPnIMNZkir.csv,1587868154,1587868309,155
l3j3PaFFfW.csv,1587868309,1587868466,157
mHGyO2W3FO.csv,1587868466,1587868615,149
mfdm9gfGDR.csv,1587874163,1587874421,258
nIgCJg6xOZ.csv,1587874559,1587874856,297
nhlOvkJPSZ.csv,1587874982,1587875278,296
npXv6wK2HI.csv,1587875319,1587875546,227
o68vi4JMno.csv,1587876100,1587876267,167
oIIAMAVMnj.csv,1587876268,1587876430,162
obsptf3udU.csv,1587876430,1587876590,160
oiF2CXcYOS.csv,1587875613,1587875771,158
oyNpsaJ6sH.csv,1587878841,1587879003,162
pYm0OFLMIb.csv,1587879003,1587879162,159
ptmwv1W5et.csv,1587876972,1587877126,154
qRlta6IY25.csv,1587877127,1587877278,151
rq86ImPDJY.csv,1587870471,1587870626,155
s4K8MQTxvu.csv,1587870626,1587870789,163
sJGlStLLkp.csv,1587870789,1587870959,170
tG1y5yWR9K.csv,1587870959,1587871141,182
u7YbhhoHbM.csv,1587871141,1587871316,175
uAGRpxGiUU.csv,1587871316,1587871474,158
uXwwUHeL5T.csv,1587871474,1587871630,156
uYD9Aanv8C.csv,1587871630,1587871782,152
uls4huvYPp.csv,1587877278,1587877429,151
vDXZk2BbiL.csv,1587877429,1587877588,159
wmY3F1Xnq1.csv,1587877588,1587877744,156
x69qxtyPnw.csv,1587872233,1587872386,153
xeSOZvK3yw.csv,1587872386,1587872540,154
y1xwKqa2Wp.csv,1587872540,1587872693,153
yMQjBksGBl.csv,1587877745,1587877909,164
yoT5XYGIuh.csv,1587872857,1587873011,154
z73XVvnrvy.csv,1587873011,1587873172,161
